8 3 4 T2 9 1 3 4 7 10 1 6 2 4 3 7
P 1 1 7 3 4 6 SS 8 6 2 4 2 7 4 T1
4 T1 8 3 5 T3 8 5 3 8 1 1 2 9 2 3
8 3 T3 8 5 3 7 6 3 T1 8 3 6 9 T3 7
9 1 4 3 7 T1 8 3 6 4 T2 1 9 6 T1 4
8 5 7 4 T4 8 2 9 7 T1 7 2 6 4 9 3
T1 T4 8 2 1 9 8 7 4 8 12 2 SL 9 4 1
8 4 3 7 2 T4 8 9 4 3 2 1 4 5 T1 8
1 2 4 5 9 8 T2 4 5 6 1 2 8 T1 9 4
1 2 8 9 8 4 3 1 1 4 6 4 3 7 5 6
T2 9 8 4 7 T3 7 4 8 2 7 8 9 4 5 5
8 1 3 4 5 8 T4 7 3 8 2 7 4 7 C 5
1 2 9 4 7 8 T3 1 8 T1 8 4 3 5 1 2
9 5 4 8 3 5 2 4 7 5 T1 7 3 9 4 5
3 2 8 9 4 5 3 5 T2 8 4 5 6 8 3 9
1 2 3 4 5 6 7 8 9 T1 7 3 8 2 4 7